camera_matrix:
- - 1553.341974179234
  - 0.0
  - 931.5687101310722
- - 0.0
  - 1595.8012466794
  - 580.6287476101777
- - 0.0
  - 0.0
  - 1.0
dist_coeff:
- - -0.09444649530336692
  - -0.6649654808745757
  - -0.012299296986908024
  - -0.013865770040306846
  - 0.8044275793419697
